(DEVICE FILE: LQFP100_0R5_14X14_1R6)

PACKAGE LQFP100_0R5_14X14_1R6
CLASS IC
PINCOUNT 100

PINORDER LQFP100_0R5_14X14_1R6  38 39 40 41 42 43 44 45 46 47,
 48 49 50 26 27 28 29 30 31 32,
 33 34 35 36 37 51 52 53 54 55,
 56 57 58 59 60 61 62 63 13 14,
 15 16 17 18 19 20 21 22 23 24,
 25 64 65 66 67 68 69 70 71 72,
 73 74 75 76 77 78 79 80 81 82,
 83 84 85 86 87 88 1 2 3 4,
 5 6 7 8 9 10 11 12 89 90,
 91 92 93 94 95 96 97 98 99 100

PINSWAP LQFP100_0R5_14X14_1R6  38 39 40 41 42 43 44 45 46 47,
 48 49 50 26 27 28 29 30 31 32,
 33 34 35 36 37 51 52 53 54 55,
 56 57 58 59 60 61 62 63 13 14,
 15 16 17 18 19 20 21 22 23 24,
 25 64 65 66 67 68 69 70 71 72,
 73 74 75 76 77 78 79 80 81 82,
 83 84 85 86 87 88 1 2 3 4,
 5 6 7 8 9 10 11 12 89 90,
 91 92 93 94 95 96 97 98 99 100

FUNCTION LQFP100_0R5_14X14_1R6 LQFP100_0R5_14X14_1R6  38 39 40 41 42 43 44 45 46 47,
 48 49 50 26 27 28 29 30 31 32,
 33 34 35 36 37 51 52 53 54 55,
 56 57 58 59 60 61 62 63 13 14,
 15 16 17 18 19 20 21 22 23 24,
 25 64 65 66 67 68 69 70 71 72,
 73 74 75 76 77 78 79 80 81 82,
 83 84 85 86 87 88 1 2 3 4,
 5 6 7 8 9 10 11 12 89 90,
 91 92 93 94 95 96 97 98 99 100

END
