(DEVICE FILE: QTH-030-01-L-D-A-K-TR)

PACKAGE QTH-030-01-L-D-A-K-TR
CLASS IO
PINCOUNT 66

PINORDER QTH-030-01-L-D-A-K-TR  2 1 NP1 61 4 6 8 10 12 14,
 16 18 20 22 3 5 7 9 11 13,
 15 17 19 21 62 24 26 28 30 32,
 34 36 38 40 42 23 25 27 29 31,
 33 35 37 39 41 63 44 46 48 50,
 52 54 56 58 60 43 45 47 49 51,
 53 55 57 59 64 NP2

PINSWAP QTH-030-01-L-D-A-K-TR  2 1 NP1 61 4 6 8 10 12 14,
 16 18 20 22 3 5 7 9 11 13,
 15 17 19 21 62 24 26 28 30 32,
 34 36 38 40 42 23 25 27 29 31,
 33 35 37 39 41 63 44 46 48 50,
 52 54 56 58 60 43 45 47 49 51,
 53 55 57 59 64 NP2

FUNCTION QTH-030-01-L-D-A-K-TR QTH-030-01-L-D-A-K-TR  2 1 NP1 61 4 6 8 10 12 14,
 16 18 20 22 3 5 7 9 11 13,
 15 17 19 21 62 24 26 28 30 32,
 34 36 38 40 42 23 25 27 29 31,
 33 35 37 39 41 63 44 46 48 50,
 52 54 56 58 60 43 45 47 49 51,
 53 55 57 59 64 NP2

END
